Z11169000                       USGS 
H11169000       3720041215354000606085SW18050003146            72.00            
N11169000       GUADALUPE R A SAN JOSE CA
Y11169000       
311169000       19300305   43306               7.64                      
311169000       1931       0.006Bm                                       
311169000       19311227   67006              11.12                      
311169000       19330129    3656               2.07                      
311169000       19340101   24506               5.37                      
311169000       19350109   16506               4.35                      
311169000       19360221    9106               3.45                      
311169000       19370213   60706               9.64                      
311169000       19371211   66606               9.80                      
311169000       19390309    3386               2.67                      
311169000       19400227   86806              11.88                      
311169000       19410404   63306               9.50                      
311169000       19420124   40906               7.73                      
311169000       19430123   63506              10.68                      
311169000       19440304   19606               5.37                      
311169000       19450202   66006              11.25                      
311169000       19451222   16406               5.52                      
311169000       19461123    3946               3.03                      
311169000       19480429    8906               4.40                      
311169000       19490310   25006               7.29                      
311169000       19500206   13406               6.65                      
311169000       19501118   27306               9.00                      
311169000       19520112   80006              15.20                      
311169000       19521207    7386               7.07                      
311169000       19540213    4856               6.35                      
311169000       19550118    6086               6.71                      
311169000       19551223   55706              13.94                      
311169000       19570224    6666               7.04                      
311169000       19580402   91506              16.55                      
311169000       19590216   15906               5.44                      
311169000       19600201    1256               2.18                      
311169000       19601201    2796               2.68                      
311169000       19620215   13806               4.10                      
311169000       19621013   63006              10.86                      
311169000       19640120   19806               5.10                      
311169000       19650105   13406               4.26                      
311169000       19651228   13806               4.31                      
311169000       19670316   67606              11.55                      
311169000       19680130   51706               9.28                      
311169000       19690126   38406               7.39                      
311169000       19700114   20106               4.83                      
311169000       19701129   32606               6.55                      
311169000       19711221   14906               4.18                      
311169000       19730116   43806               8.31                      
311169000       19731201   32206               6.76                      
311169000       19750307   23206               5.56                      
311169000       19760302    8846               3.64                      
311169000       19770102    7376               3.41                      
311169000       19780114   64306              11.05                      
311169000       19790108   32106               6.75                      
311169000       19800219   79106              13.65                      
311169000       19810127   24906               5.80                      
311169000       19820331   73406              12.66                      
311169000       19830124   71306              12.28                      
311169000       19831111   33206               6.44                      
311169000       19841112   16306               4.24                      
311169000       19860219   91406C             15.52                      
311169000       19870213   16606C              4.31                      
311169000       19880117   14706C              4.09                      
311169000       19890311    9656C              3.47                      
311169000       19900216   29806C              5.99                      
311169000       19910324   33306C              6.45                      
311169000       19920212   46406C              8.27                      
311169000       19930113   49206C              8.66                      
311169000       19931211   15106C              4.13                      
311169000       19950310  110006C             17.40                      
311169000       19960220   47206C              8.38                      
311169000       19970126   54706C              9.43                      
311169000       19980203   75106C             12.59                      
311169000       19981130   13006C              3.95                      
311169000       20000211   33406C              6.46                      
311169000       20010304   18406C              4.53                      
311169000       20011202   26006C              5.50                      
311169000       20021216   60506C             10.27                      
